-0.000100000 0.000000000 -0.000000000
0.000000000 0.000000000 -0.000000000
0.000100000 0.000000000 -0.000000000
0.000200000 0.000000000 -0.000000000
0.000300000 0.000000000 -0.000000000
0.000400000 0.000000000 -0.000000000
0.000500000 0.000000000 -0.000000000
0.000600000 0.000000000 -0.000000000
0.000700000 0.000000000 -0.000000000
0.000800000 0.000000000 -0.000000000
0.000900000 0.000000000 -0.000000000
0.001000000 0.000000000 -0.000000000
0.001100000 0.000000000 -0.000000000
0.001200000 0.000000000 -0.000000000
0.001300000 0.000000000 -0.000000000
0.001400000 0.000000000 358508.604206501
0.001500000 -71.701720841 1792543.021032504
0.001600000 -358.508604207 4302103.250478016
0.001700000 -932.122370937 10038240.917782022
0.001800000 -2366.156787763 24737093.690248556
0.001900000 -5879.541108987 53776290.630975120
0.002000000 -13121.414913958 107552581.261950046
0.002100000 -27390.057361377 197538240.917782187
0.002200000 -52629.063097514 330903441.682600975
0.002300000 -93570.745697897 506572657.743786693
0.002400000 -153943.594646271 700525812.619501948
0.002500000 -233675.908221797 870458891.013384342
0.002600000 -328035.372848948 960444550.669215918
0.002700000 -425764.818355641 908819311.663479328
0.002800000 -509799.235181644 687619502.868069172
0.002900000 -563288.718929254 323016252.390058041
0.003000000 -574402.485659656 6811663.479923248
0.003100000 -564651.051625239 -96080305.927342415
0.003200000 -555186.424474187 -95363288.718929291
0.003300000 -545578.393881453 -99665391.969406605
0.003400000 -535253.346080306 -101457934.990438938
0.003500000 -525286.806883365 -100740917.782027245
0.003600000 -515105.162523901 -100740917.782027245
0.003700000 -505138.623326960 -99306883.365200520
0.003800000 -495243.785850860 -102533460.803059578
0.003900000 -484631.931166348 -108269598.470363617
0.004000000 -473589.866156788 -109345124.282982826
0.004100000 -462762.906309751 -108986615.678776264
0.004200000 -451792.543021032 -109703632.887188911
0.004300000 -440822.179732313 -113288718.929254532
0.004400000 -429134.799235182 -116515296.367113113
0.004500000 -417519.120458891 -116515296.367113113
0.004600000 -405831.739961759 -119383365.200764179
0.004700000 -393642.447418738 -122251434.034417152
0.004800000 -381381.453154876 -124760994.263862371
0.004900000 -368690.248565966 -128346080.305926561
0.005000000 -355712.237093690 -129063097.514341354
0.005100000 -342877.629063097 -128704588.910134077
0.005200000 -329971.319311663 -132289674.952198267
0.005300000 -316419.694072658 -136233269.598469973
0.005400000 -302724.665391969 -135874760.994264126
0.005500000 -289244.741873805 -135516252.390057325
0.005600000 -275621.414913958 -144478967.495219469
0.005700000 -260348.948374761 -145195984.703633070
0.005800000 -246582.217973231 -136233269.598470449
0.005900000 -233102.294455067 -145554493.307839394
0.006000000 -217471.319311663 -196821223.709369898
0.006100000 -193738.049713193 -297562141.491395831
0.006200000 -157958.891013384 -378943594.646270394
0.006300000 -117949.330783939 -384321223.709367871
0.006400000 -81094.646271511 -334488527.724665761
0.006500000 -51051.625239006 -259918738.049713999
0.006600000 -29110.898661568 -180329827.915869474
0.006700000 -14985.659655832 -110420650.095602214
0.006800000 -7026.768642447 -60229445.506692335
0.006900000 -2939.770554493 -29756214.149139304
0.007000000 -1075.525812620 -13264818.355640616
0.007100000 -286.806883365 -5019120.458891046
0.007200000 -71.701720841 -1434034.416826000
0.007300000 0.000000000 -358508.604206500
0.007400000 0.000000000 -0.000000000
0.007500000 0.000000000 -0.000000000
0.007600000 0.000000000 -0.000000000
0.007700000 0.000000000 -0.000000000
0.007800000 0.000000000 -0.000000000
0.007900000 0.000000000 -0.000000000
0.008000000 0.000000000 -0.000000000
0.008100000 0.000000000 -0.000000000
0.008200000 0.000000000 -0.000000000
0.008300000 0.000000000 -0.000000000
0.008400000 0.000000000 -0.000000000
0.008500000 0.000000000 -0.000000000
0.008600000 0.000000000 -0.000000000
0.008700000 0.000000000 -0.000000000
0.008800000 0.000000000 -0.000000000
0.008900000 0.000000000 -0.000000000
0.009000000 0.000000000 -0.000000000
0.009100000 0.000000000 -0.000000000
0.009200000 0.000000000 -0.000000000
0.009300000 0.000000000 -0.000000000
0.009400000 0.000000000 -0.000000000
0.009500000 0.000000000 -0.000000000
0.009600000 0.000000000 -0.000000000
0.009700000 0.000000000 -0.000000000
0.009800000 0.000000000 -0.000000000
0.009900000 0.000000000 -0.000000000
0.010000000 0.000000000 -0.000000000
0.010100000 0.000000000 -0.000000000
0.010200000 0.000000000 -0.000000000
0.010300000 0.000000000 -0.000000000
0.010400000 0.000000000 -0.000000000
0.010500000 0.000000000 -0.000000000
0.010600000 0.000000000 -0.000000000
0.010700000 0.000000000 -0.000000000
0.010800000 0.000000000 -0.000000000
0.010900000 0.000000000 -0.000000000
0.011000000 0.000000000 -0.000000000
0.011100000 0.000000000 -0.000000000
0.011200000 0.000000000 -0.000000000
0.011300000 0.000000000 -0.000000000
0.011400000 0.000000000 -0.000000000
0.011500000 0.000000000 -0.000000000
0.011600000 0.000000000 -0.000000000
0.011700000 0.000000000 -0.000000000
0.011800000 0.000000000 -0.000000000
0.011900000 0.000000000 -0.000000000
0.012000000 0.000000000 -0.000000000
0.012100000 0.000000000 -0.000000000
0.012200000 0.000000000 -0.000000000
0.012300000 0.000000000 -0.000000000
0.012400000 0.000000000 -0.000000000
0.012500000 0.000000000 -0.000000000
0.012600000 0.000000000 -0.000000000
0.012700000 0.000000000 -0.000000000
0.012800000 0.000000000 -0.000000000
0.012900000 0.000000000 -0.000000000
0.013000000 0.000000000 -0.000000000
0.013100000 0.000000000 -0.000000000
0.013200000 0.000000000 -0.000000000
0.013300000 0.000000000 -0.000000000
0.013400000 0.000000000 -0.000000000
0.013500000 0.000000000 -0.000000000
0.013600000 0.000000000 -0.000000000
0.013700000 0.000000000 -0.000000000
0.013800000 0.000000000 -0.000000000
0.013900000 0.000000000 -0.000000000
0.014000000 0.000000000 -0.000000000
0.014100000 0.000000000 -0.000000000
0.014200000 0.000000000 -0.000000000
0.014300000 0.000000000 -0.000000000
0.014400000 0.000000000 -0.000000000
0.014500000 0.000000000 -0.000000000
0.014600000 0.000000000 -0.000000000
0.014700000 0.000000000 -0.000000000
0.014800000 0.000000000 -0.000000000
0.014900000 0.000000000 -0.000000000
0.015000000 0.000000000 -0.000000000
0.015100000 0.000000000 -0.000000000
0.015200000 0.000000000 -0.000000000
0.015300000 0.000000000 -0.000000000
0.015400000 0.000000000 -0.000000000
0.015500000 0.000000000 -0.000000000
0.015600000 0.000000000 -0.000000000
0.015700000 0.000000000 -0.000000000
0.015800000 0.000000000 -0.000000000
0.015900000 0.000000000 -0.000000000
0.016000000 0.000000000 -0.000000000
0.016100000 0.000000000 -0.000000000
0.016200000 0.000000000 -0.000000000
0.016300000 0.000000000 -0.000000000
0.016400000 0.000000000 -0.000000000
0.016500000 0.000000000 -0.000000000
0.016600000 0.000000000 -0.000000000
0.016700000 0.000000000 -0.000000000
0.016800000 0.000000000 -0.000000000
0.016900000 0.000000000 -0.000000000
0.017000000 0.000000000 -0.000000000
0.017100000 0.000000000 -0.000000000
0.017200000 0.000000000 -0.000000000
0.017300000 0.000000000 -0.000000000
0.017400000 0.000000000 -0.000000000
0.017500000 0.000000000 -0.000000000
0.017600000 0.000000000 -0.000000000
0.017700000 0.000000000 -0.000000000
0.017800000 0.000000000 -0.000000000
0.017900000 0.000000000 -0.000000000
0.018000000 0.000000000 -0.000000000
0.018100000 0.000000000 -0.000000000
0.018200000 0.000000000 -0.000000000
0.018300000 0.000000000 -0.000000000
0.018400000 0.000000000 -0.000000000
0.018500000 0.000000000 -0.000000000
0.018600000 0.000000000 -0.000000000
0.018700000 0.000000000 -0.000000000
0.018800000 0.000000000 -0.000000000
0.018900000 0.000000000 -0.000000000
0.019000000 0.000000000 -0.000000000
0.019100000 0.000000000 -0.000000000
0.019200000 0.000000000 -0.000000000
0.019300000 0.000000000 -0.000000000
0.019400000 0.000000000 -0.000000000
0.019500000 0.000000000 -0.000000000
0.019600000 0.000000000 -0.000000000
0.019700000 0.000000000 -0.000000000
0.019800000 0.000000000 -0.000000000
0.019900000 0.000000000 -0.000000000
0.020000000 0.000000000 -0.000000000
0.020100000 0.000000000 -0.000000000
0.020200000 0.000000000 -0.000000000
0.020300000 0.000000000 -0.000000000
0.020400000 0.000000000 -0.000000000
0.020500000 0.000000000 -0.000000000
0.020600000 0.000000000 -0.000000000
0.020700000 0.000000000 -0.000000000
0.020800000 0.000000000 -0.000000000
0.020900000 0.000000000 -0.000000000
0.021000000 0.000000000 -0.000000000
0.021100000 0.000000000 -0.000000000
0.021200000 0.000000000 -0.000000000
0.021300000 0.000000000 -0.000000000
0.021400000 0.000000000 -0.000000000
0.021500000 0.000000000 -0.000000000
0.021600000 0.000000000 -0.000000000
0.021700000 0.000000000 -0.000000000
0.021800000 0.000000000 -0.000000000
0.021900000 0.000000000 -0.000000000
0.022000000 0.000000000 -0.000000000
0.022100000 0.000000000 -0.000000000
0.022200000 0.000000000 -0.000000000
0.022300000 0.000000000 -0.000000000
0.022400000 0.000000000 -0.000000000
0.022500000 0.000000000 -0.000000000
0.022600000 0.000000000 -0.000000000
0.022700000 0.000000000 -0.000000000
0.022800000 0.000000000 -0.000000000
0.022900000 0.000000000 -0.000000000
0.023000000 0.000000000 -0.000000000
0.023100000 0.000000000 -0.000000000
0.023200000 0.000000000 -0.000000000
0.023300000 0.000000000 -0.000000000
0.023400000 0.000000000 -0.000000000
0.023500000 0.000000000 -0.000000000
0.023600000 0.000000000 -0.000000000
0.023700000 0.000000000 -0.000000000
0.023800000 0.000000000 -0.000000000
0.023900000 0.000000000 -0.000000000
0.024000000 0.000000000 -0.000000000
0.024100000 0.000000000 -0.000000000
0.024200000 0.000000000 -0.000000000
0.024300000 0.000000000 -0.000000000
0.024400000 0.000000000 -0.000000000
0.024500000 0.000000000 -0.000000000
0.024600000 0.000000000 -0.000000000
0.024700000 0.000000000 -0.000000000
0.024800000 0.000000000 -0.000000000
0.024900000 0.000000000 -0.000000000
0.025000000 0.000000000 -0.000000000
0.025100000 0.000000000 -0.000000000
0.025200000 0.000000000 -0.000000000
0.025300000 0.000000000 -0.000000000
0.025400000 0.000000000 -0.000000000
0.025500000 0.000000000 -0.000000000
0.025600000 0.000000000 -0.000000000
0.025700000 0.000000000 -0.000000000
0.025800000 0.000000000 -0.000000000
0.025900000 0.000000000 -0.000000000
0.026000000 0.000000000 -0.000000000
0.026100000 0.000000000 -0.000000000
0.026200000 0.000000000 -0.000000000
0.026300000 0.000000000 -0.000000000
0.026400000 0.000000000 -0.000000000
0.026500000 0.000000000 -0.000000000
0.026600000 0.000000000 -0.000000000
0.026700000 0.000000000 -0.000000000
0.026800000 0.000000000 -0.000000000
0.026900000 0.000000000 -0.000000000
0.027000000 0.000000000 -0.000000000
0.027100000 0.000000000 -0.000000000
0.027200000 0.000000000 -0.000000000
0.027300000 0.000000000 -0.000000000
0.027400000 0.000000000 -0.000000000
0.027500000 0.000000000 -0.000000000
0.027600000 0.000000000 -0.000000000
0.027700000 0.000000000 -0.000000000
0.027800000 0.000000000 -0.000000000
0.027900000 0.000000000 -0.000000000
0.028000000 0.000000000 -0.000000000
0.028100000 0.000000000 -0.000000000
0.028200000 0.000000000 -0.000000000
0.028300000 0.000000000 -0.000000000
0.028400000 0.000000000 -0.000000000
0.028500000 0.000000000 -0.000000000
0.028600000 0.000000000 -0.000000000
0.028700000 0.000000000 -0.000000000
0.028800000 0.000000000 -0.000000000
0.028900000 0.000000000 -0.000000000
0.029000000 0.000000000 -0.000000000
0.029100000 0.000000000 -0.000000000
0.029200000 0.000000000 -0.000000000
0.029300000 0.000000000 -0.000000000
0.029400000 0.000000000 -0.000000000
0.029500000 0.000000000 -0.000000000
0.029600000 0.000000000 -0.000000000
0.029700000 0.000000000 -0.000000000
0.029800000 0.000000000 -0.000000000
0.029900000 0.000000000 -0.000000000
0.030000000 0.000000000 -0.000000000
0.030100000 0.000000000 -0.000000000
0.030200000 0.000000000 -0.000000000
0.030300000 0.000000000 -0.000000000
0.030400000 0.000000000 -0.000000000
0.030500000 0.000000000 -0.000000000
0.030600000 0.000000000 -0.000000000
0.030700000 0.000000000 -0.000000000
0.030800000 0.000000000 -0.000000000
0.030900000 0.000000000 -0.000000000
0.031000000 0.000000000 -0.000000000
0.031100000 0.000000000 -0.000000000
0.031200000 0.000000000 -0.000000000
0.031300000 0.000000000 -0.000000000
0.031400000 0.000000000 -0.000000000
0.031500000 0.000000000 -0.000000000
0.031600000 0.000000000 -0.000000000
0.031700000 0.000000000 -0.000000000
0.031800000 0.000000000 -0.000000000
0.031900000 0.000000000 -0.000000000
0.032000000 0.000000000 -0.000000000
0.032100000 0.000000000 -0.000000000
0.032200000 0.000000000 -0.000000000
0.032300000 0.000000000 -0.000000000
0.032400000 0.000000000 -0.000000000
0.032500000 0.000000000 -0.000000000
0.032600000 0.000000000 -0.000000000
0.032700000 0.000000000 -0.000000000
0.032800000 0.000000000 -0.000000000
0.032900000 0.000000000 -0.000000000
0.033000000 0.000000000 -0.000000000
0.033100000 0.000000000 -0.000000000
0.033200000 0.000000000 -0.000000000
0.033300000 0.000000000 -0.000000000
0.033400000 0.000000000 -0.000000000
0.033500000 0.000000000 -0.000000000
0.033600000 0.000000000 -0.000000000
0.033700000 0.000000000 -0.000000000
0.033800000 0.000000000 -0.000000000
0.033900000 0.000000000 -0.000000000
0.034000000 0.000000000 -0.000000000
0.034100000 0.000000000 -0.000000000
0.034200000 0.000000000 -0.000000000
0.034300000 0.000000000 -0.000000000
0.034400000 0.000000000 -0.000000000
0.034500000 0.000000000 -0.000000000
0.034600000 0.000000000 -0.000000000
0.034700000 0.000000000 -0.000000000
0.034800000 0.000000000 -0.000000000
0.034900000 0.000000000 -0.000000000
0.035000000 0.000000000 -0.000000000
0.035100000 0.000000000 -0.000000000
0.035200000 0.000000000 -0.000000000
0.035300000 0.000000000 -0.000000000
0.035400000 0.000000000 -0.000000000
0.035500000 0.000000000 -0.000000000
0.035600000 0.000000000 -0.000000000
0.035700000 0.000000000 -0.000000000
0.035800000 0.000000000 -0.000000000
0.035900000 0.000000000 -0.000000000
0.036000000 0.000000000 -0.000000000
0.036100000 0.000000000 -0.000000000
0.036200000 0.000000000 -0.000000000
0.036300000 0.000000000 -0.000000000
0.036400000 0.000000000 -0.000000000
0.036500000 0.000000000 -0.000000000
0.036600000 0.000000000 -0.000000000
0.036700000 0.000000000 -0.000000000
0.036800000 0.000000000 -0.000000000
0.036900000 0.000000000 -0.000000000
0.037000000 0.000000000 -0.000000000
0.037100000 0.000000000 -0.000000000
0.037200000 0.000000000 -0.000000000
0.037300000 0.000000000 -0.000000000
0.037400000 0.000000000 -0.000000000
0.037500000 0.000000000 -0.000000000
0.037600000 0.000000000 -0.000000000
0.037700000 0.000000000 -0.000000000
0.037800000 0.000000000 -0.000000000
0.037900000 0.000000000 -0.000000000
0.038000000 0.000000000 -0.000000000
0.038100000 0.000000000 -0.000000000
0.038200000 0.000000000 -0.000000000
0.038300000 0.000000000 -0.000000000
0.038400000 0.000000000 -0.000000000
0.038500000 0.000000000 -0.000000000
0.038600000 0.000000000 -0.000000000
0.038700000 0.000000000 -0.000000000
0.038800000 0.000000000 -0.000000000
0.038900000 0.000000000 -0.000000000
0.039000000 0.000000000 -0.000000000
0.039100000 0.000000000 -0.000000000
0.039200000 0.000000000 -0.000000000
0.039300000 0.000000000 -0.000000000
0.039400000 0.000000000 -0.000000000
0.039500000 0.000000000 -0.000000000
0.039600000 0.000000000 -0.000000000
0.039700000 0.000000000 -0.000000000
0.039800000 0.000000000 -0.000000000
0.039900000 0.000000000 -0.000000000
0.040000000 0.000000000 -0.000000000
0.040100000 0.000000000 -0.000000000
0.040200000 0.000000000 -0.000000000
0.040300000 0.000000000 -0.000000000
0.040400000 0.000000000 -0.000000000
0.040500000 0.000000000 -0.000000000
0.040600000 0.000000000 -0.000000000
0.040700000 0.000000000 -0.000000000
0.040800000 0.000000000 -0.000000000
0.040900000 0.000000000 -0.000000000
0.041000000 0.000000000 -0.000000000
0.041100000 0.000000000 -0.000000000
0.041200000 0.000000000 -0.000000000
0.041300000 0.000000000 -0.000000000
0.041400000 0.000000000 -0.000000000
0.041500000 0.000000000 -0.000000000
0.041600000 0.000000000 -0.000000000
0.041700000 0.000000000 -0.000000000
0.041800000 0.000000000 -0.000000000
0.041900000 0.000000000 -0.000000000
0.042000000 0.000000000 -0.000000000
0.042100000 0.000000000 -0.000000000
0.042200000 0.000000000 -0.000000000
0.042300000 0.000000000 -0.000000000
